4444444, 14, 4, 44,
514444111444114 μορ, 11, 1.

¹ sirenus, merie 11.,11, 1.
¹ sicanus,syrac.,vl,7³;v11,lo,oo,7o.
914·11141,31,11,11,7,111,11,99, 103,

441,444;41,4,4,4,44,44,44,

INDEX lllsTottlclls
51441414444,1.44., II, 17.

444 ,

1 1444114444, ine, 1111,11.

5144144144, Perdices 44444,11,111, 1 Thapsos,v1, 4, 97, 99, 444, ,44,

111, ΙΠ, 101.
Stroebus, 111.,1, 115.

÷ suomhiohides,srn.,vr11, 44, 44, 44,

44, 44, 44, os, 44, 1, 4, 4, 14, l oo‚en,os,7s.

4, 44, 44, 44, 4444, somn, 44, 1 4444144444,444., 4, 44.
44,44,44,44,44,44,44;144, 4, l snongyn,ms.,ur,ss.

4, 44, 44, 44, 44, 44, 44, 44, 44, Ι 444444444444444444441, ns.
nr,ns,2o,27,2e‚n,an,ar, 44, 44414444, 4.,4,44, 444;44, oo, 44,

50 , 51 , 57, 51, 73, 10, 15, 17, 1111, l
1,1,1,13,11,91,91,1011144444·
’ gnitudo 4114444144, 11, 15, 913, 17,

91, 441441 plerique Peloponnesii,

4, 44,4,44444414444144144444,4,44,

17, 18.

514411144141,111,441;11,15;1,4,
11,1,17,31,15,13,11,15,11,
44,44,444;144,4,4,44,44,44,

suffimen, 11, 11, 53, 11, 13.

99,·11, 51, 101,1’, 7,111, 9.
Styphon, Len, 11, 01.
styrenses, 111, 57.

Sunium, 111, 11, vrri, 1, 95.
Sybaris, 11.,111, 35.

14,44441,44,44,44,44,444,44.’

5,44,11,91.
5,444,144.,1111,11,11,13.
symaetnos, 0., 11, 15.

syracusa, 5144444441,111,11,11,

101,115,11,1,11,15,15,1,1,

l 4444444414, 44, 44, 44, 44, 44, 144, ro.

Tharyps, Molossorum 444, 11, 10.
Thous, 444, 4, 414, 444, 41, 444,
1ο5,107,11,1,1111,11.
1144444144, 1141444414111, 10.
Theogenes, megarensis, I, 111.
theatrum Dlonysiooum , VIII, 93.
Thebe, 111, 11, 11,91,11, 71, 91,
93, 91.
Thebrim, I, 17, 90. Plataeas oonupers
444411 4444144144, unde bellurn, II,
1-1,71,71,111,5159,11,133,1Ι,

Ι 95,111,11,19. tiorum oratio eontra

1141444444, 111, 1117. Agrum Pla·
toeneium obtinent, 111 , 11. 11444444
44441441,1111,19.

Themistoclea, I, 11, 71. 11144 oonsilio
Athenae muris unguntur, I, 1091,
4111444444, 1, 93, 41 res 44414114
augear, 1, 11. 0444414444 ejectum

444,44,444,4444,4,44,444,444,444, 14,4,4,4,44,44,44,44,44·44, ternus 14441444144444144444

11,9,11,11,70,101,119,1,51,
51,19,10,11,111,19,51,1111,1.

51414444,1111,11.

11444444, 11, 59, vm, 101.
slmonides, 111., 11, 7.
simne ulmeam 44444111, 11, 5.
singaa', 1, 11.

Sinti, 11, 91.

sinus Ambracius, I, 55, 11, 11, 111,
107. essenon, 197.1441444,1111,

44, 44, so,sr,sn,ose⁷,oo·7s,
rs,so,soss,or,os,st,soror;
vrr,1·7,nr·ns,2s,nroa,ao·ss,se

141444, uhi obill, I, 135131. Eius
,4444414444 ingenii indoles, I, 131.
1144414441, 4414.,144,44.

44,,1-44;1444,44,44,44,44, 44, nonogenes, 444, 41, inv, 44 44 44.
44,44,44,44,444,444,444.444444 4444444444444444, ron. ·

44444444,11,101,111,1,3,1,11,
13, 31, 51, 59. 1441444444444,111,
11.

T

114444,1444.,11,9.

114ηω4444,1114.,1111,11,19, 91,

4494111114,144.,144,44,44, 31,
11,31,13, 51.

11.144144,1,11,11, 97, 11, 13, 31, Tmarus, promont, 1, 11141 139,111, Therme, opp. 1144441, I , 11 , 11, 19.

31,11. 11414444,1111,1. 91441444,
11, 99. Terinaeus, 11, 111. mnne·

4444,11,11.
51414411, 71 , 77, 19, 111.
Sitalces, 1144444444,11,19,17,95,

91,97,91,99,101,11,101.
544444144,1114.,Π, 13.
44444414444,1,44,14,44,11, 51.
544111444,11,30,ΙΠ,95,1,30.
541414,11, 1.

solyma, 11, 11 4113. solygiro collis,

41, 44.

sopooumth, 444, 444, 41, 4, 4,

4444.
5441441144, 111.,111, 115.
5444414444111, 101.
sputamentorum, 111.
Spartolos, lI, 79, 1, 11.
Sphacterla 144.,11,1.
Stagirus, 11, 11,1, 1, 11.

stater 11441444, vui, 11. Phnoaieus,

54Ἷ41414214,441.,4,444.
strennuissimus, VIII, 5, ephorus,

I, 15. Ejus oratio, qua 1444144444-

44114444444144, ar 4444.
Tanagra, Tanagrael, I, 101, 111, 91,
41,44,44,44;144,44.4,444444-

4444444,11,71.
14414144,1.44., 11, 57.

Thermon, 144.,1111, 11.
11444444,4γ144,11,101,111,91,11, 31.
11444444,11, 15. 11,·4414444414444, 11,
unanimus ager, 11, 71. Thespienses
11, 93, 91, 133,11,91,111, 19,

Tarentum, 11, 31,11,101,111,1, .

vm, 91.
Taulantii, Illyrii, I, 11.
1444444,1.44.,11,111.
14444,14444144,11,131,·1,11,11,
57,11,11,15,17,71,71·71,71,
1491445444. , 11, 103.

’ misine,ll,eo;ltl,ee;lv,to;v,

inette
'Telluris templum, 11, 15.
milanos.
Temenites, 11, 75 41 100, 111, 3.
τ444419,144,4;114,54.
Tenedos, 111‚ns,as.
144411,1111,19,111,57.
1444,1414,44,44·,·144,44;1444,44,
19,10. ,
444444,4.144144,4.,14, 504191.

114Ξ44411,11,10. 1144444114, I, 30, 11,

1144444114, Thessali, I, 1, 11, 111,
107,111,11,11,101,1Π,95,11,
71, 101,1, 13, 51,1111,3,13.

nuenton, 4444444441.,4,44,14,44.

1144414444, 1111, 95.

1444414,144444,4,44, or,sn,en,
190,130,11,9,19,17,95,91,97,
91,100,101,Π1,91,11,7,79,71,
71, 79, 101, 191, 101,115,111,
444, 1, 4, 4, 44,44,44,44,44,
31,17,10,13,111,9,1111,11.
11444444 91114441, 11, 71, 11444444
mecheroghorleagnrerelllaeo, 111,
11111441444444 susciter dirlpinnt
etcaeduntoralhehenis‚vll,29,³u.
Tlrreelrenortreatlhmphlnolitn,ll, 11.

nius 441 bellum 444144 Athenienses 1444401444444444, II, 19,17, 95. Thrasybulus, 111., vui, 73, 75, 71,

susciplendum 14414144,1,11, 17.

emmerammum.

stipendium perlitum et equitum apud Terinam, 414444,11, 111.

41, 44, 1, 44 44 44, 1444, o.

cenariornm,vn,nr.elinnhune mummolenum.

41414444,1111, 194115. 114414144-
1444441114.,11111,114197.

1444444 4411114414,111,11.

81, 100,101,195.

1141414144, 111., 1, 19 4111, VIII
· 444444,1,44.444444444444444,4444444444,4,4444444;444,444444; 44,44,44.
444, 44 et 1444, rs. 44444444 mer· 1114441114. nervus, 1, 591110-

Thrasylus , 111.,1111, 73, 75, 11, 101 ,

101, los.

1441144144,114444,111,194130. l 11ωγω411144,144.,41, 11.

Ἇῦ.

 

