18010,1,8,108,11,87,18,78,8,1,
8111, 88, 58. Asiani 11010011,1,0.
Asiana Magnesia, 1, 188.

Αο100000.,18,180851,81,98.

10001008001111100101., ΠΙ, 7.

Asopius ΡΙ10110100100.,1,01.

Αο000100οΡΙο80000010, 111, 58.

Asopos 8. , 11, 5.

Aspendos 000. 8111, 81 , 87, 88, 108.

Assinaros 8101101 8., 811, 81.

Assyrias 0810100,18,80.

80800008001000101000.,11, 8008 108,

Astymaehus l’latoeensis, 111, 81.

8081001100 100. 0000101100, 8111, 80,
88,81,18,88,81,81,88,88,88,
00,10,11,11,18,50,11,01,00,
70, 70, 000100.

Α80100801001110,11,88,10,88,8, 18.

Atalanta Macedonianum, 11, 100 , 8,
18.

Athenarum 000010000000,1,10.811,
1, 180,11,15. 1000010080,1,10888;
,1008 barbaros 1000800 instauratio, l,
eost. Ambitus, muri, 8100000810,
thesaurus, ll, 18. 1000,]1, 11. 81011
10801,1,107,108.

Athenienses primi elegantiorem cultum
0001101008,1, 0. 180 001011 invalidi
008010001010010111,1, tt. Sociorum
00111100 08 100810011ου0 potentiam
000008,1, 18, 88, 80, 88, 88. 810-
demtum 10 socios imperium 0101-
cere sedicunt, 1, 773 00001000 00
potentiam pervenerint, 1, illl-118.
1101001100001001 08 010100, 1, 70.
8010011110 discrepant a 1000001110-
0110, 1, 70, 8111, 88. Eorum oratio
apud 1011000101οηί00, 1, 78-18.

,8811001000 100.,18, 11808 188.

Athenagoras 010100000,8111,0.

Athenagoras syrae, 81, 85. Ejus ora·
tio, 81, :ld-40.

athletarum 0000000010, 1, 0, honores,
tv, 111.

Athos mons, 18, 108, 8, 3, 88, 81.

Atintanes, 11, 80.

Atramyttium opp, 8, 1,8111, 108.

Atreus Pelopis 1., 1, 8.

Attica seditionibus 101010010,1, 8. sto
11110111. Qualis luerit 0080 Theseum,
l, 8 , 11 , 15,

110100 , 18, 108.

001100 coronator, 8, 50.

0080000110οι 100, 8, 11.

.10800100,18, 88 08 818.

8111000, 11, 88.

B.

1101011110 Limnis templum, ll, 15.
corcyrae, 111, 81. 81100110108111,
8380918100 000110 Homero ignotum,
00181030 (lor. , 18 , 18.
nerthen, 1, 01.
181001810,11,88,18,108.
18181100111110000,18,75.

tsnsx HlSTORlCUS.

Qff'n’fflw'mffl
, .

sta

08 Athen, 81, 78-87 , 001001 respon
001081, 88. ’

1000, 1, 10, tor, 100, 111, 110, 01011,11101111.,1,10,11.
ΠΙ,51,01,88,85,87,18,78,88, 00101100,8111,18.
01,00,00·101,110;1,1,11,10, 0111100011,11,110.
88,88,85,88·10,11,11,80,50, 000080800100,111,808.

58, 57, 58, 88, 80, 81 , 81, 88 ,8111,
8,18, 00, 08, 100, 00 8100010081,
1,11,111 10100110 hott, 1, tos. 10
00000000000010010800011,111,1, 18,
8111, 5. consiliis utuntur quattuor
8,88.10000100100101001 00011, 11,
0, 11,11, 70,111,101,11, 70,11,
10 Siciliam auxilium mittunt, 811,
10,10,11,17,10.

000111,1,1,11,100, 118,11,18,
111, 81,88, 87, 01 ; 111,08,18, 78,
01,01,111,10,10,1111,00,00.

11001101, 1, 107.

1101110ρο1001, 58, 18, 108,

llolissus opo, 8111 , 81.

8001100000, ΠΙ, 80.

80110000 8010800, 111, 100.

001001,11,11,00, 100,111,1.

1101101007,10,01,11,70,00,101.

Β1001000101110101.,11,88, 88, 80, 88,
111,00,70,10,18,11,11,1100011
001108,18, 7071,,10111100001100110
Thronium transit et lhl 101 00118,18,
7100, toa-117, 110101, 101. 1, o-
11,10,10,10,01,110.11,·01011110
00 8000811100,18, 8587, 00111. 111,
180,οᾱ 01111800 huns, 18, 188, 0110
0000011001, 8, 8.

81001001 milites, 8,117, 71, 78.

1110010 Edonum 100100 18, 107,·

1111010010. 110000001001 0008000111,8,1.

Brilessus 10000,11, 18.

1 nmmum 1111000100.

11100110000000.,18, 108.

110001100000.,18, 181.

Budorum 01001008, 11, 81, 10 51.

8001110108, 8111.

11,10111001,1,01,111,1111111110,
100,·101,11,07;1111,00101.

C.

0000010110 8., 811, 80.

80001010 quse postea Bantia, 1, ta.

crendes, 1, 181.

001010008.,111, 108.

(talenti, 18,78.

callias 0011100108, 1, 81, 01, 08.

001110011100001010., 111, 81.

0011100 801.,1,88. ,

Gallias llypereohidae 8., 81, 58.

0018010800 001.,1,88.

0001000011 181011, 111,811.

001110180010000100010, 8111, 0, 8, 80.

callimachus Ath, Learohi ,1., 11, 87,
Phauomaehi ,1., 11, 70.

callirrhoe lons, 11, 15.

calydonolim AEolis, 111, 808.

· 0100111101,11111,00,11,11,11,1 oa.

1,11,11;111,00.
0001011001,1ν,00,08,8,1, 81, 8,

g 87,78,811,88,0000001088.81100.

Carcinus Ath, 11, 88.

Cardamyle, 8111, 81.

00100,1,1,8,111,18,8111,85.

01111,1,110,11,0,10;10, 101111, 0.

001000, 8, 81, 75, 78.

carneus 0100010,8, 51.

001801101001 0018008111, 101.

carthaginienses a Phocaeensibus 1100,
l, 18, 811, 50.

0010100081, 8, 15, 81, 88, 88.

caryae, 8, 88.

Carystii, 1, 88, 18,11,18,811, 57,
8111, 08.

00001000 0 Syracusanis 00110180, 81,

011111,111,110;8,1,81,0,10,10,
11,11,0101,11,71,71,71,0001,
07, 00111, 11,10, 0000, so, 01.

Caulonis, Vll, 88.

Caunus, 1, 118,8111,88,11,18,87,
00, 100.

000010081000100010, 18, 118.

0001001011, 18.

0001000,11,18.

cecryphelea, 1, 108.

00001001 promont, 111, 88.

00000100 s, 0000111011, 18,18 0811,
8111, 10, 80, 88.

0008011ρο, 81, 81.

0008000101, 811 , 88,

cros, 001,811,57.

Cephallenia, 1, 87, 11, 7, 80, 83, 80,
111,01,01,8,01;1111,01, 87.

0010101000, 81, 88.

0000011010, 11, 88.

0010111010, 8, 8, 8, 10.

0010000, 8111, 58.

00081100,1,18.

merear Aila, 8111, 710888.

(thurones, 1, 118,18, 78, 88.

0100101001.

0110100,8111,11, 11, 55, 00.

0110100000, 18, 78.

01101οᾱ00000ίο 1100100,1,15,81,1,70,
81,811,87,1011110010,1,57,88,
01,00,11,10,00,10,70,01,00,
101, 111,7, 70, 10, 01,00, 01,
100100,111,1,0,1,10,11,11,
00,01,00,11,7,10,11010111,111,
80,81,8,1,8,81,78,78.

Chalcidem Lao. 0000101100,8111,0,
0,11,11,11-17,10,11,11,10,
88, 881818.

011010110ωο 10100110,1, 188, 181.

800101000110811101001000.,1, 108,11, ·

88.

Ι 01101010 1101111101 urbs, 811, 88, 8111,

Chaones, 11, 88, 80, 81.

0110100100 10 Argolide, V, 00.
Charicles Ath. ‚ Vll, 10 01 80.

 

