981

115155,155111111010551.,111,1,0.150051-
ω, 18, 58,5118111, 89.

8511555551ου5 VIII, 8.

Matoeusls spoliem, 8.

INDEX laustanicas,

Meropis,cos,VIII,ll. 81151110, 81, a.

Messana, 8555501118, 88, 901 18, 1, 8100505115, 111, 101.

14,1518,5181,5,48, 50,71,811, Myonnesus, 111, 81.
1 Myrciaus, 8155151118, 10718,051

85511055,85511555555,111,108, 109, 85555111,111,101·,811,. 10.

ummvmmvmmm
0,000000000
000000005
mmmmmmmmmm
1000

5018158.

llarathassa, VIII, 31.

mare 8115055, 1, 981 0151150018, 58
518, 1101050001, t; Siculum,
IV, 11 51581 811811151055010
IV, 11.

85555 opp. 1, 101.

Massilia, 5 Phocaeaaihas condita; l,

Mecyberna, 8551151001, V, 18 51 Matremne, 111, tot.

afflmmm

00000000050
0000000000
10005000001
10000000001

111 8111, 11, 48, 01.
8515115155, Persa, I, 119.
8515551115, 85555, I, 108.

· 8515111505, Zopyri 1., Persa,1, 109.
· 8515055, sicyonius, IV, 119.
851515, 8515150555, 1, 17, 41, 1018,

87,108,105“, 107, 108, 114, 110,
189, 110,111111,9,81,98,911111,
mmmmmmwMM;
000000000101
8111, 8, 98, 80, 94. uorum 5010515
caninum, 18, 71151151 itt Sicilia,
81, 1,111,71.51,971811,15, 57.

851151,8, 5. ·

8515001150155, 8111 0.

Metaaopas, 1115, 81, 80.

Melanthus, 155,, 8111, 5.

851555, Laetili, 5.

Melesaader, 155,,11, 09.

85155155, 1111.,8111,80.

Melesippus, 155,, 1, 1991 11, 11.

Mellacus sinas, III, 901 18, 15018111,

italienses. 1119118, 51.

Melitta 1151551018, 78.

85155, 1501191 1110911881, 80,
11111111.0115105100011551111015
1551515105 51 Metios 1505155 habito,
8,81·111, 115105180081110.

Martrphis, I, 101, tas.

Menander, 11111, 811, 1018, 09.

115055,155.,8, 19, 11, 14.

85515,8501151,18, 7, 111,118,111,
119, 180.

Mendesium Nilicorau, 1, 110.

8555501115 &marinam 5011111, 81, 5.

Menecrates, 851555051018, 119.

85051005,150.,111, 100 51 108.

, Menippus, Athea, 8111, 18.

11550, 8115555105, 11, 11.

Metagenes, 155, V, 19 et 11
8555115510110105,1,18,75111,8118, Metapontinos, Metapontlnl, vibiani

10.

855550 85555011,1,10151108 118110511551111 1105511051 18,.1..
aa,sa;r„5a.nuaupaet0 11005,8051101115150515581.51

Myrtilus, 111,, V, 185114

81550, 81555,,8111, 85

0151511011015051581,18,58,50

Mytilene, 81111505555551111115015551
has deliciunt, sed subiguntur 51 pa·
11150105,111,1·.50 Exulet rebellant
18,.11. lterum deliciunt 51 recape
raatur ah 101., 8111, 11, 18, 100.

8105, l, 1881111, 19.

1011 111,75,81, 91, 95, 97, 107, 1011,
18, 11188, 81, 57.

Methone inter Epidaurum 51 151555 i
5501015110 15555155, 11, 1518,
18. Macedoniae 10111055, 81, 7. Me·
1110011018, 119.

8511115100 V, 58.

mmmmmmmawm N
mmmmmmmma
101, navis Neptuno 5005515515 post ricto

riam, 11, 8185510111 adamiani pra

lectarum nunaunt et 1551011510 1,

10. 50150155ιί1110 uumerus initio

belli, N, 181 adversas 51555050

81515155, corcyraeus, l, 17.

Midias,il., 8111, 100.

Miletus, Milesii, I, 1151 18,11, 581
Vitat.uorummlonlaaaydas,vltt, 1015555051,81,15,81,48.15051551115
81. Bellum 155001 cum 8550115 15, 511 505115 5515 quot aeres imperariut,
8515551,115,110.1)5115111515111111., 11,71 111, 10.

8111, 17,19, 11111 aa. exercita Neuclides, 8151555515, 11, 1.

victore obsidentur, 8111, 15. Qui Naucrates, Sicyonias,IV, 118.
massaritiis e Peloponneso adveu- Naupactus, l, 108111, 9, 08, 80, 01,
1551111115 11555111, 8111, 10-19. 11115-
stantur rursus ab 1111,,8111,80,85.
hh mtyoeho 5111111115 adjuti impigre 19, 70, 771811, 17, 19, 81, 81, 57.
05110510511155181118880, 89, 45, Naxus, ias, I, 98 51 187.

50, 57, 00, 01, 08, 75, 78, 79, 80, 1801155,05115111151511155,18, 15, 81,,8
88, 99, loo, 108. 11555151151015115551-Ι 10, 50, 71, 71, 75, 88 1151118150,
diam ejlcluat et eum Spartae acca 88181157.

55518111, 51, 55, 155. 1155110115,05111151151505111515011151·1101,

utilissimam, 100. 81150.

8111155,8111,55. ¹ 8500818018,58,58,00.

81015505,155.8,18,85,99,101,101, Neodanaodes,Vll, 19, 58.
101. Neptuni 1555111001, 118118,118,

0000001000
000000000

810551551150511115155111111, 18 11918111, 07. Neptuno aarrscoase

Panumlaaecytae IV, 110. Templum 05511, N, 81, 81.
Amphipoli, V, 10. 0101510555, 1, Neucus 15055115 111,7.
181. Nostana, 11, 80.

Nicanor, 0115011010 1011, 11, 80.
Nicasus, 8515550515, 18, 118.
1815555105,81515115.,111, 51, 91 1 18,1ῖ,
000000000080
81515155,Α111.,18, 118.
1815155,11,581111,515181118,17,18.
0000οω000
umus οΜ0000οωω,1,
1111515115,111518111815198.15-15 1,8, 17, 051, 58, 101, 108,
1055110511 5511501515,8,81 51 88. 10118111, 8,,4 0,8,10,10,51,
Αο10015115111111,1,89, 90, 107, 1081 88,11, 18, 18, 19, 51150, 85, ih
11,18,17.8111151115151108151515,11, 78, 75, 70, 78, 80· 80. 8108555800

78. MurusalbusMemphidispars,l, Vl, 9· 11, 10· ·18, 1181 811, et· 04,
101. 778105511151015511115811, tl·

1,8155151,508111,75. 15.11115551155511110,81150
8155155505,1115551115 51511115 5811510, Nicias, cretensis, 11, 85.
8150111115, 155, 11, 07.
Nicomachus, Phocensis, 18, 89.
Nicomedes, 155, 1, 107.

Nicea, Theb.. Vll, 19.
,1815051155,1551555555,18,15 ”

Mmmfflmmhmum.
81555, 1, 4, 8.

Minyeas, Orchomenus, IV, 70.
8010151115,155.,18, 8.

Molossi, l, 1801 11, 80.
8011551051, 11, 811111, 101.
Morgantina, Ι18, 85.

811,18, 80.
81550151, 9 5110.
8150555,1115.,111, 18.
Mygdonia, 1, 581 11, 90 51 100.
11115,5151).,111,90.

 

